$ 1 0.000005 1.5642631884188172 50 5 50 5e-11
f 224 128 304 128 33 3 5
r 224 128 224 64 0 100000
c 224 128 224 192 0 1.0000000000000001e-7 14.134292470937433 0.001
r 224 128 160 128 0 140000
w 224 64 304 64 0
w 304 64 304 112 0
w 224 192 304 192 0
r 304 144 304 192 0 200
R 304 64 304 48 0 0 40 24 0 0 0.5
g 304 192 304 208 0 0
207 160 128 128 128 4 away
207 368 128 336 128 4 home
g 560 192 560 208 0 0
R 560 64 560 48 0 0 40 12 0 0 0.5
r 560 144 560 192 0 50
w 480 192 560 192 0
w 560 64 560 112 0
w 480 64 560 64 0
r 480 128 416 128 0 20000
c 480 128 480 192 0 1.0000000000000001e-7 2.2734393895347527 0.001
r 480 128 480 64 0 100000
f 480 128 560 128 33 3 5
f 432 320 512 320 33 3 5
r 432 320 432 256 0 100000
c 432 320 432 384 0 1.0000000000000001e-7 14.195221298157364 0.001
r 432 320 368 320 0 140000
w 432 256 512 256 0
w 512 256 512 304 0
w 432 384 512 384 0
r 512 336 512 384 0 200
R 512 256 512 240 0 0 40 24 0 0 0.5
g 512 384 512 400 0 0
207 368 320 336 320 4 home
w 368 128 384 128 0
d 416 128 384 128 2 default
S 176 384 256 384 0 0 false 0 2
s 112 384 176 384 0 0 false
d 256 400 256 368 2 default
g 112 384 112 416 0 0
207 256 400 288 400 4 away
207 256 368 288 368 4 home
368 304 144 368 144 0 0
368 224 128 160 176 0 0
368 480 128 416 176 0 0
368 432 320 384 352 0 0
o 20 64 0 4099 40 0.4 0 8 20 3 23 0 23 3 14 0 14 3 29 0 29 3
